A =

    0.9721    0.0155
    0.2114    0.9705

B =

    0.0143
    0.6860

F =

   -0.8037   -0.0461
   -0.8442   -0.0404
   -0.8845   -0.0332
    0.9243    0.0243
   -0.9243   -0.0243
    0.9630    0.0133
   -0.9630   -0.0133
    1.0000         0
         0    1.0000
   -1.0000         0
         0   -1.0000
    0.6398    0.1555

g =

    15
    15
    15
    20
    15
    20
    15
    20
   100
    15
   100
    25

N =

    30

P =

   59.2896    6.9782
    6.9782    1.8280

Q =

    4.0000         0
         0    0.1000

R =

     8

u_max =

    25

u_min =

   -25

x0 =

    15
    45

x_max =

    20
   100

x_min =

   -15
  -100